55
222
336
345
384
493
621
649
673
701
704
750
758
795
913
1188
1193
1277
1316
1318
1336
1365
1426
1433
1521
1527
1574
1596
1638
1665
1689
1725
1738
2008
2064
2097
2128
2206
2228
2307
2460
2509
2788
2795
3044
3067
3072
3139
3160
3191
3256
3292
3318
3398
3429
3472
3524
3525
3539
3615
3624
3633
3714
3818
3962
4037
4062
4086
4221
4231
4310
4316
4322
4378
4383
4388
4429
4462
4463
4569
4681
4743
4805
4901
4972
5026
5208
5251
5295
5308
5448
5474
5491
5499
5581
5691
5722
5757
5798
5823
5897
5909
5932
6134
6221
6236
6264
6325
6345
6379
6434
6435
6523
6654
6697
6922
7024
7100
7224
7287
7308
7326
7327
7449
7524
7581
7593
7651
7758
7895
7904
7972
8029
8095
8140
8140
8188
8242
8483
8518
8638
8661
8707
8711
8720
8733
8851
9037
9112
9130
9139
9144
9160
9175
9260
9286
9392
9471
9507
9554
9555
9583
9704
9728
9770
9770
9868
9928
10069
10094
10143
10159
10235
10343
10381
10455
10569
10628
10761
10826
10887
10892
10958
11143
11161
11166
11253
11257
11279
11298
11336
11342
11484
11488
11511
11527
11527
11541
11631
11705
11723
11771
11988
12029
12071
12079
12130
12158
12225
12313
12427
12438
12457
12480
12490
12499
12552
12558
12594
12744
12773
12801
12842
12905
12969
13091
13106
13180
13186
13205
13306
13444
13445
13521
13649
13721
13810
13810
13822
13828
13902
13993
14010
14150
14508
14558
14594
14744
14760
14819
14879
14966
15046
15343
15354
15410
15495
15572
15589
15599
15667
15677
15734
15790
15874
15899
15950
16109
16373
16380
16427
16508
16531
16624
16656
16657
16923
17021
17038
17076
17080
17101
17119
17159
17300
17390
17418
17465
17480
17488
17521
17527
17597
17761
17793
17844
17896
17944
18056
18079
18147
18301
18318
18339
18354
18383
18543
18656
18873
18916
19035
19090
19387
19466
19479
19510
19549
19558
19657
19661
19683
19859
19867
19919
19940
19978
20044
20101
20180
20184
20237
20268
20270
20319
20370
20404
20586
20658
20789
20802
20927
20970
21062
21129
21214
21281
21341
21361
21396
21436
21494
21500
21529
21545
21545
21723
21964
21999
22076
22160
22236
22285
22291
22336
22344
22375
22411
22434
22456
22536
22567
22724
22727
22799
22924
22948
22952
23024
23100
23314
23394
23398
23436
23452
23490
23499
23506
23536
23578
23681
23834
23888
23968
23979
24022
24053
24134
24382
24450
24516
24555
24588
24774
24795
24864
24921
25000
25038
25323
25327
25362
25499
25659
25675
25826
25832
25901
26004
26052
26068
26118
26182
26241
26275
26321
26421
26438
26460
26524
26584
26657
26709
26710
26767
26810
27062
27091
27109
27132
27169
27183
27229
27256
27257
27298
27438
27526
27677
27678
27733
27917
28001
28019
28032
28184
28191
28213
28304
28341
28449
28700
28735
28857
28898
29015
29058
29084
29379
29396
29400
29447
29502
29548
29574
29749
29814
30052
30161
30264
30283
30290
30429
30527
30637
30641
30830
30994
31007
31072
31096
31332
31365
31412
31461
31569
31616
31693
31727
31752
31758
31787
31918
32243
32250
32314
32315
32369
32467
32469
32582
32647
32763
