11
16
43
46
49
55
108
117
125
133
134
147
164
164
167
170
176
187
207
209
211
217
222
232
232
235
238
245
265
265
273
285
286
299
302
306
313
331
336
345
354
370
380
384
384
386
397
407
407
416
419
430
450
461
461
464
466
474
476
476
493
493
515
515
517
536
560
615
618
621
629
641
649
656
658
659
673
676
678
679
681
696
701
704
706
710
750
758
795
806
808
813
858
880
893
904
906
913
931
940
956
969
970
972
975
979
980
1021
1026
1034
1036
1039
1046
1050
1059
1066
1090
1108
1113
1117
1120
1150
1159
1161
1169
1172
1174
1178
1183
1188
1193
1195
1202
1205
1208
1211
1212
1214
1220
1223
1224
1233
1236
1242
1248
1252
1253
1262
1277
1298
1303
1316
1318
1333
1336
1343
1365
1409
1419
1423
1425
1426
1433
1441
1443
1447
1467
1471
1481
1481
1489
1505
1510
1521
1527
1530
1539
1541
1541
1544
1566
1574
1594
1596
1603
1616
1618
1629
1638
1640
1649
1662
1665
1667
1672
1678
1685
1689
1691
1692
1700
1704
1711
1713
1714
1717
1725
1725
1728
1732
1737
1738
1739
1740
1744
1758
1762
1764
1774
1778
1823
1824
1846
1847
1852
1852
1854
1873
1881
1886
1891
1917
1918
1922
1929
1962
1969
1971
1987
1990
2000
2008
2013
2016
2018
2031
2041
2048
2064
2084
2097
2112
2117
2128
2138
2139
2143
2158
2161
2168
2177
2189
2196
2206
2213
2222
2228
2245
2245
2247
2252
2258
2259
2265
2281
2287
2290
2300
2307
2326
2330
2341
2365
2367
2387
2387
2402
2409
2418
2430
2442
2446
2453
2454
2454
2456
2460
2465
2473
2477
2484
2490
2497
2509
2509
2511
2542
2544
2552
2560
2565
2591
2604
2614
2627
2629
2629
2634
2635
2648
2650
2651
2654
2669
2675
2677
2690
2691
2695
2707
2714
2722
2745
2746
2757
2760
2760
2771
2779
2788
2795
2802
2809
2813
2815
2818
2831
2831
2840
2856
2869
2875
2887
2891
2901
2919
2925
2930
2936
2947
2973
3002
3006
3008
3009
3033
3044
3063
3065
3067
3071
3072
3092
3096
3106
3108
3139
3146
3150
3160
3171
3180
3183
3187
3187
3189
3191
3217
3220
3222
3226
3226
3240
3251
3253
3256
3278
3288
3292
3318
3318
3325
3331
3348
3370
3371
3398
3410
3411
3423
3425
3429
3432
3472
3487
3490
3492
3495
3495
3508
3515
3518
3524
3525
3529
3535
3538
3539
3540
3545
3553
3556
3575
3580
3609
3615
3617
3624
3630
3631
3633
3640
3645
3646
3646
3657
3659
3660
3667
3671
3671
3682
3687
3688
3702
3703
3712
3714
3717
3723
3727
3727
3730
3754
3763
3790
3801
3801
3806
3808
3810
3818
3819
3844
3845
3846
3847
3853
3857
3860
3860
3871
3877
3895
3914
3925
3933
3941
3953
3962
3972
3973
4027
4037
4048
4048
4051
4062
4080
4082
4085
4086
4115
4121
4142
4144
4162
4194
4205
4215
4221
4231
4232
4237
4243
4243
4256
4259
4274
4284
4294
4303
4303
4310
4316
4322
4327
4349
4351
4359
4366
4376
4378
4383
4388
4388
4390
4397
4397
4413
4417
4426
4429
4451
4462
4463
4466
4473
4478
4480
4492
4494
4507
4509
4511
4511
4525
4527
4528
4545
4550
4553
4569
4572
4581
4596
4622
4633
4640
4640
4650
4652
4652
4655
4661
4667
4681
4682
4709
4714
4721
4726
4734
4743
4753
4777
4777
4780
4787
4793
4795
4805
4836
4842
4859
4860
4867
4868
4881
4881
4895
4901
4905
4921
4939
4943
4944
4945
4953
4958
4966
4967
4971
4972
4983
4984
4986
4998
4999
4999
5005
5015
5018
5025
5026
5032
5033
5041
5042
5047
5049
5083
5089
5133
5145
5145
5148
5174
5176
5183
5184
5190
5201
5204
5208
5211
5236
5241
5243
5251
5253
5266
5283
5290
5295
5305
5308
5320
5327
5334
5348
5378
5379
5381
5393
5405
5410
5415
5418
5424
5428
5448
5464
5474
5491
5495
5499
5515
5524
5532
5557
5574
5580
5581
5616
5617
5634
5637
5641
5665
5690
5691
5696
5700
5704
5705
5708
5716
5722
5722
5724
5749
5757
5764
5768
5770
5780
5783
5787
5787
5796
5798
5812
5823
5824
5828
5836
5862
5868
5875
5878
5883
5886
5897
5907
5909
5910
5917
5927
5932
5946
5948
5959
5962
5962
5976
5980
5983
5989
6012
6021
6023
6038
6055
6080
6084
6090
6104
6111
6129
6133
6134
6137
6139
6150
6151
6163
6172
6184
6192
6207
6212
6221
6226
6234
6236
6240
6244
6248
6260
6262
6264
6275
6283
6290
6295
6316
6320
6324
6325
6339
6339
6345
6364
6374
6379
6381
6383
6391
6397
6397
6399
6402
6404
6426
6431
6434
6434
6435
6437
6440
6447
6447
6459
6460
6468
6489
6491
6512
6517
6523
6523
6523
6525
6534
6546
6557
6563
6569
6571
6576
6585
6609
6611
6614
6617
6617
6636
6654
6655
6656
6674
6678
6697
6706
6712
6716
6717
6731
6742
6748
6748
6755
6762
6763
6781
6782
6793
6806
6811
6815
6822
6824
6854
6870
6877
6885
6905
6922
6924
6927
6934
6951
6986
7004
7013
7024
7027
7030
7035
7041
7050
7062
7074
7080
7081
7082
7098
7100
7103
7112
7122
7132
7134
7139
7148
7155
7170
7183
7183
7191
7199
7201
7211
7212
7213
7224
7238
7243
7244
7254
7264
7265
7265
7274
7277
7278
7287
7301
7308
7326
7326
7327
7354
7377
7384
7385
7391
7399
7425
7441
7444
7448
7449
7454
7475
7484
7493
7502
7502
7506
7508
7524
7546
7559
7562
7581
7581
7591
7593
7598
7604
7621
7626
7629
7630
7632
7636
7644
7651
7656
7673
7674
7697
7717
7734
7738
7749
7758
7771
7788
7824
7825
7838
7853
7865
7866
7866
7870
7895
7904
7908
7918
7928
7931
7947
7949
7956
7960
7963
7972
7972
7979
7979
7984
7985
7986
7988
7996
8003
8004
8005
8011
8029
8030
8037
8040
8049
8051
8059
8066
8074
8095
8120
8123
8129
8136
8140
8140
8143
8157
8170
8177
8178
8188
8203
8206
8207
8219
8219
8239
8242
8265
8267
8268
8272
8274
8275
8278
8301
8321
8336
8343
8372
8378
8384
8410
8414
8416
8425
8435
8471
8479
8479
8481
8483
8485
8486
8497
8518
8518
8519
8521
8535
8539
8543
8546
8547
8559
8565
8576
8588
8595
8602
8604
8612
8618
8621
8625
8631
8637
8638
8640
8651
8661
8664
8665
8667
8669
8670
8673
8707
8711
8720
8722
8728
8733
8740
8744
8777
8778
8831
8841
8849
8851
8854
8858
8876
8889
8894
8908
8910
8924
8925
8932
8933
8935
8939
8947
8960
8976
8985
8993
9003
9003
9005
9018
9022
9025
9037
9042
9062
9064
9072
9090
9106
9112
9121
9130
9130
9135
9139
9144
9160
9175
9175
9180
9180
9183
9187
9187
9215
9216
9221
9241
9258
9259
9260
9266
9270
9275
9284
9286
9296
9298
9303
9310
9316
9320
9321
9334
9344
9346
9347
9352
9352
9358
9364
9381
9390
9392
9396
9398
9422
9434
9452
9454
9461
9464
9471
9473
9485
9490
9507
9511
9515
9521
9536
9545
9552
9554
9555
9560
9569
9572
9581
9583
9585
9588
9593
9603
9611
9620
9633
9634
9635
9636
9651
9660
9663
9678
9691
9701
9704
9706
9707
9714
9719
9720
9728
9755
9757
9761
9770
9770
9780
9781
9785
9785
9787
9788
9788
9811
9814
9820
9821
9838
9868
9872
9877
9898
9901
9904
9910
9913
9916
9922
9925
9928
9932
9932
9933
9936
9964
9964
9974
9996
9997
10065
10069
10072
10076
10080
10094
10111
10121
10143
10147
10148
10149
10157
10159
10159
10167
10168
10201
10206
10211
10235
10240
10243
10259
10270
10280
10285
10307
10325
10327
10343
10344
10367
10380
10381
10393
10394
10406
10411
10418
10431
10455
10455
10460
10462
10471
10472
10476
10487
10490
10492
10494
10496
10501
10510
10523
10524
10530
10532
10550
10564
10569
10571
10575
10586
10596
10605
10605
10619
10622
10624
10628
10639
10642
10648
10658
10664
10680
10712
10717
10732
10746
10748
10758
10761
10765
10781
10826
10833
10843
10859
10864
10867
10887
10892
10900
10904
10906
10921
10929
10930
10940
10945
10947
10948
10952
10955
10958
10961
10971
10975
10980
10990
10990
10992
10993
11001
11012
11016
11022
11030
11041
11066
11077
11089
11095
11106
11112
11116
11122
11122
11128
11138
11143
11145
11148
11159
11161
11163
11166
11171
11178
11188
11209
11223
11244
11246
11253
11254
11254
11257
11257
11275
11279
11289
11298
11298
11314
11316
11336
11342
11351
11364
11432
11452
11464
11470
11472
11479
11482
11484
11488
11511
11517
11519
11527
11527
11531
11532
11541
11551
11573
11583
11596
11603
11619
11630
11631
11640
11643
11657
11665
11668
11669
11673
11689
11690
11699
11701
11705
11718
11719
11723
11729
11744
11755
11771
11785
11791
11792
11813
11816
11847
11852
11860
11871
11873
11875
11879
11880
11882
11890
11896
11919
11925
11925
11939
11945
11971
11971
11980
11984
11987
11988
11994
11995
12011
12018
12029
12032
12034
12036
12049
12059
12062
12071
12079
12085
12090
12096
12116
12126
12130
12131
12145
12158
12164
12166
12179
12180
12180
12186
12207
12208
12212
12222
12225
12226
12239
12260
12279
12282
12305
12313
12331
12337
12341
12347
12364
12368
12390
12427
12438
12439
12442
12444
12444
12447
12452
12457
12472
12480
12484
12490
12499
12505
12511
12526
12528
12533
12552
12558
12565
12581
12594
12594
12604
12637
12645
12647
12658
12661
12662
12673
12684
12687
12694
12695
12700
12713
12722
12726
12736
12744
12745
12773
12773
12775
12801
12805
12813
12816
12817
12829
12830
12842
12844
12865
12893
12894
12895
12905
12907
12941
12966
12969
12982
12990
12993
12996
13000
13012
13016
13021
13021
13028
13035
13038
13050
13055
13070
13074
13078
13078
13087
13089
13091
13093
13106
13107
13119
13121
13123
13129
13145
13163
13166
13179
13180
13185
13186
13188
13198
13205
13209
13211
13225
13240
13241
13258
13271
13282
13286
13291
13299
13306
13309
13314
13352
13363
13395
13406
13421
13423
13441
13444
13445
13482
13499
13503
13513
13515
13518
13521
13524
13524
13552
13554
13555
13560
13561
13562
13564
13569
13573
13577
13583
13584
13598
13600
13607
13612
13613
13641
13646
13649
13649
13659
13661
13665
13670
13675
13694
13705
13708
13708
13710
13712
13713
13713
13715
13718
13721
13754
13772
13780
13788
13794
13801
13810
13810
13815
13819
13822
13825
13828
13842
13883
13899
13902
13905
13919
13931
13934
13935
13939
13940
13942
13946
13964
13966
13972
13976
13977
13983
13983
13985
13986
13993
13998
14006
14010
14012
14023
14035
14053
14063
14081
14085
14090
14114
14117
14119
14150
14151
14159
14166
14210
14210
14218
14222
14223
14233
14236
14267
14270
14273
14275
14281
14287
14292
14294
14299
14319
14334
14341
14351
14367
14409
14414
14415
14427
14438
14442
14465
14478
14483
14499
14506
14506
14508
14529
14529
14552
14556
14558
14564
14568
14569
14573
14590
14592
14594
14594
14595
14596
14597
14607
14610
14610
14612
14613
14615
14624
14647
14655
14663
14663
14671
14691
14696
14700
14713
14725
14732
14733
14733
14744
14760
14765
14784
14791
14802
14806
14808
14817
14819
14823
14825
14836
14837
14838
14848
14852
14856
14860
14869
14875
14879
14886
14888
14895
14896
14899
14916
14931
14934
14963
14966
14970
14978
14979
14982
14983
14983
14984
14992
14995
14999
15001
15042
15046
15057
15076
15086
15089
15097
15103
15105
15114
15116
15118
15120
15122
15140
15145
15149
15151
15152
15157
15166
15167
15173
15187
15208
15216
15229
15245
15255
15284
15294
15299
15319
15325
15331
15338
15343
15352
15354
15372
15410
15420
15431
15449
15452
15456
15460
15470
15477
15482
15495
15497
15516
15534
15535
15538
15572
15572
15588
15589
15599
15600
15602
15609
15620
15621
15633
15634
15667
15677
15682
15691
15704
15719
15734
15744
15752
15758
15783
15786
15790
15798
15798
15799
15815
15835
15835
15843
15843
15846
15847
15854
15874
15875
15880
15884
15889
15889
15896
15899
15902
15919
15920
15925
15925
15938
15950
15954
15954
15956
15961
15967
15979
15980
15989
15991
16016
16020
16030
16047
16048
16050
16055
16057
16064
16070
16080
16080
16081
16082
16086
16089
16105
16109
16110
16122
16139
16147
16176
16189
16194
16206
16220
16227
16230
16230
16240
16242
16247
16279
16286
16286
16313
16333
16337
16368
16368
16373
16378
16380
16381
16385
16395
16404
16410
16427
16427
16434
16452
16461
16463
16464
16469
16470
16470
16478
16487
16508
16523
16531
16534
16542
16553
16556
16569
16574
16580
16584
16585
16589
16610
16610
16612
16624
16625
16627
16639
16656
16657
16657
16657
16691
16691
16703
16704
16713
16723
16728
16748
16751
16755
16762
16771
16781
16787
16796
16797
16800
16811
16814
16820
16826
16841
16842
16847
16851
16854
16906
16922
16923
16930
16940
16952
16960
16964
16975
16975
16981
16983
17007
17012
17015
17016
17021
17022
17034
17038
17038
17048
17049
17053
17059
17070
17071
17076
17076
17080
17080
17094
17096
17098
17100
17101
17101
17101
17103
17104
17105
17113
17119
17119
17131
17138
17151
17153
17156
17159
17167
17175
17187
17203
17211
17213
17215
17215
17235
17236
17252
17261
17263
17267
17279
17280
17286
17287
17289
17300
17303
17321
17327
17329
17342
17367
17390
17395
17398
17404
17418
17420
17425
17426
17457
17465
17465
17468
17469
17477
17480
17486
17488
17501
17501
17503
17506
17509
17521
17523
17527
17542
17549
17550
17563
17564
17566
17567
17576
17589
17597
17604
17606
17623
17626
17635
17643
17659
17691
17704
17708
17718
17725
17751
17754
17758
17760
17761
17787
17792
17793
17793
17800
17801
17801
17817
17835
17844
17886
17896
17911
17914
17918
17918
17920
17922
17926
17930
17935
17944
17944
17954
17958
17959
17964
17967
17979
17984
17990
18001
18004
18043
18044
18044
18050
18056
18073
18079
18080
18089
18093
18123
18137
18147
18148
18170
18180
18181
18182
18183
18184
18202
18206
18231
18235
18246
18248
18258
18272
18282
18292
18300
18301
18303
18306
18307
18314
18316
18318
18339
18344
18345
18352
18354
18367
18373
18380
18383
18384
18385
18387
18391
18425
18438
18441
18454
18462
18465
18466
18476
18481
18496
18513
18513
18523
18526
18536
18536
18538
18542
18543
18544
18550
18551
18554
18569
18590
18594
18595
18600
18626
18649
18656
18657
18661
18670
18673
18701
18707
18724
18725
18731
18736
18743
18772
18787
18823
18837
18843
18845
18848
18867
18868
18869
18873
18875
18885
18916
18921
18924
18931
18931
18943
18967
18979
18990
19016
19023
19025
19035
19043
19052
19056
19072
19084
19090
19110
19121
19132
19133
19142
19149
19154
19161
19169
19170
19176
19205
19215
19220
19227
19229
19231
19233
19237
19238
19242
19245
19258
19266
19274
19278
19279
19280
19289
19291
19296
19306
19307
19313
19319
19328
19352
19369
19369
19373
19379
19385
19386
19387
19416
19429
19438
19466
19473
19479
19481
19489
19500
19506
19509
19510
19512
19525
19532
19542
19549
19558
19560
19563
19582
19592
19593
19625
19627
19628
19647
19649
19652
19653
19656
19656
19657
19661
19662
19683
19683
19692
19694
19705
19707
19717
19725
19735
19750
19754
19762
19765
19795
19796
19798
19815
19821
19823
19825
19830
19832
19836
19844
19849
19856
19859
19867
19868
19887
19892
19901
19903
19907
19918
19919
19921
19940
19947
19955
19971
19972
19978
19982
20002
20027
20044
20049
20050
20068
20091
20101
20118
20128
20130
20142
20144
20159
20165
20171
20179
20180
20184
20200
20225
20237
20244
20244
20250
20253
20258
20262
20268
20270
20275
20278
20290
20295
20298
20318
20319
20326
20331
20352
20370
20370
20372
20384
20403
20404
20410
20424
20439
20444
20464
20474
20478
20482
20490
20505
20519
20532
20544
20547
20547
20559
20560
20574
20582
20586
20609
20634
20653
20654
20658
20675
20679
20685
20687
20687
20690
20717
20717
20729
20774
20789
20789
20802
20804
20814
20821
20824
20843
20846
20881
20893
20921
20926
20927
20931
20933
20933
20936
20940
20948
20953
20969
20969
20970
20970
20976
20978
20979
20993
21001
21004
21018
21035
21043
21055
21062
21080
21081
21083
21084
21100
21107
21119
21129
21169
21177
21186
21191
21199
21201
21214
21224
21225
21225
21242
21281
21286
21309
21320
21330
21340
21341
21342
21353
21361
21368
21369
21396
21408
21413
21425
21435
21436
21443
21453
21468
21472
21478
21479
21494
21494
21500
21500
21503
21515
21516
21524
21529
21529
21534
21540
21545
21545
21549
21556
21560
21567
21614
21616
21618
21622
21631
21631
21632
21650
21665
21670
21681
21682
21687
21692
21696
21704
21709
21718
21720
21723
21747
21765
21777
21787
21805
21815
21821
21845
21858
21871
21910
21932
21958
21959
21961
21964
21964
21974
21991
21999
21999
22022
22028
22031
22036
22076
22080
22091
22105
22108
22119
22121
22132
22138
22155
22160
22190
22192
22192
22194
22196
22210
22216
22223
22236
22237
22250
22252
22254
22267
22272
22285
22285
22285
22288
22291
22327
22328
22330
22333
22336
22344
22354
22367
22370
22372
22375
22377
22380
22388
22393
22399
22401
22407
22411
22421
22423
22434
22456
22456
22482
22487
22491
22491
22510
22521
22525
22532
22536
22539
22541
22548
22548
22566
22567
22572
22573
22576
22579
22580
22583
22583
22588
22592
22594
22609
22623
22630
22632
22639
22642
22653
22654
22661
22670
22670
22681
22684
22694
22698
22700
22702
22709
22712
22722
22724
22727
22736
22746
22756
22758
22764
22773
22789
22799
22819
22821
22823
22824
22824
22840
22845
22860
22866
22870
22880
22886
22891
22895
22911
22920
22922
22924
22929
22934
22943
22944
22948
22948
22950
22952
22952
22967
22973
22982
22984
22985
22994
23001
23001
23004
23006
23018
23022
23024
23027
23072
23087
23094
23095
23096
23097
23100
23114
23127
23138
23144
23147
23156
23157
23162
23162
23165
23166
23166
23168
23171
23179
23186
23188
23197
23201
23213
23233
23236
23237
23241
23250
23252
23265
23271
23274
23294
23298
23310
23314
23315
23321
23322
23325
23327
23350
23352
23365
23380
23383
23394
23398
23401
23419
23419
23420
23424
23425
23425
23429
23436
23440
23449
23450
23452
23462
23470
23476
23476
23485
23490
23499
23502
23504
23506
23513
23529
23536
23548
23560
23566
23567
23578
23582
23593
23608
23615
23617
23633
23648
23650
23668
23681
23687
23692
23692
23700
23709
23712
23720
23736
23745
23749
23757
23758
23778
23798
23823
23825
23825
23830
23831
23832
23834
23834
23847
23859
23872
23880
23885
23886
23888
23899
23923
23935
23938
23941
23968
23969
23979
23991
24006
24022
24034
24043
24046
24052
24053
24053
24061
24080
24097
24102
24115
24118
24120
24134
24134
24143
24164
24164
24170
24175
24184
24187
24188
24220
24221
24223
24249
24256
24265
24274
24278
24280
24298
24313
24316
24325
24343
24344
24348
24369
24382
24383
24384
24391
24410
24416
24419
24425
24429
24449
24450
24467
24502
24512
24514
24516
24519
24523
24551
24555
24558
24579
24583
24588
24588
24612
24617
24624
24629
24633
24637
24675
24681
24689
24706
24712
24734
24749
24753
24754
24774
24787
24795
24816
24822
24823
24828
24828
24830
24834
24864
24866
24881
24895
24901
24914
24921
24921
24934
24939
24961
24964
24976
24977
24984
24990
24990
25000
25000
25015
25016
25022
25027
25028
25038
25049
25049
25050
25057
25058
25066
25068
25071
25092
25092
25097
25099
25100
25113
25121
25124
25128
25129
25160
25173
25179
25184
25225
25225
25226
25237
25251
25262
25263
25287
25290
25292
25323
25327
25334
25340
25362
25371
25389
25390
25402
25408
25411
25415
25424
25442
25475
25496
25499
25545
25548
25562
25564
25565
25573
25590
25595
25595
25595
25595
25620
25632
25633
25634
25637
25645
25654
25659
25664
25675
25690
25697
25699
25723
25726
25730
25750
25756
25759
25779
25782
25795
25813
25816
25817
25826
25829
25832
25837
25863
25875
25882
25888
25901
25918
25919
25931
25942
25943
25944
25945
25956
25958
25974
25995
25998
26000
26004
26014
26018
26030
26037
26037
26052
26068
26072
26078
26083
26102
26106
26107
26118
26122
26136
26142
26149
26164
26167
26169
26170
26182
26184
26189
26192
26193
26199
26204
26207
26207
26219
26233
26241
26245
26249
26250
26265
26269
26275
26275
26280
26294
26295
26321
26323
26335
26336
26346
26349
26385
26421
26438
26442
26444
26444
26448
26450
26458
26460
26465
26473
26478
26489
26493
26494
26495
26513
26524
26527
26536
26539
26541
26563
26584
26595
26599
26605
26615
26616
26625
26653
26657
26668
26672
26683
26686
26709
26710
26720
26730
26735
26737
26743
26761
26762
26763
26767
26786
26788
26793
26795
26810
26811
26812
26855
26928
26937
26963
26986
26992
26999
27007
27016
27023
27023
27024
27032
27039
27043
27043
27046
27062
27064
27066
27072
27076
27079
27083
27089
27091
27109
27112
27113
27118
27120
27132
27133
27135
27142
27146
27150
27169
27169
27179
27183
27186
27200
27213
27229
27233
27234
27244
27246
27256
27257
27257
27259
27262
27277
27279
27298
27298
27309
27309
27318
27328
27333
27361
27362
27364
27370
27377
27378
27379
27381
27381
27401
27431
27438
27444
27449
27451
27453
27476
27487
27491
27497
27526
27527
27540
27550
27563
27575
27576
27578
27584
27592
27608
27614
27615
27643
27646
27659
27663
27671
27674
27677
27677
27678
27680
27682
27705
27705
27708
27717
27720
27731
27733
27734
27740
27740
27744
27746
27762
27768
27785
27793
27810
27821
27829
27831
27838
27843
27845
27850
27877
27886
27895
27914
27917
27921
27926
27932
27947
27961
27966
27969
28001
28007
28008
28015
28019
28020
28032
28036
28039
28052
28071
28089
28091
28113
28116
28126
28129
28134
28138
28154
28161
28184
28188
28191
28196
28197
28203
28213
28217
28224
28233
28239
28242
28281
28291
28300
28304
28325
28337
28341
28365
28381
28382
28385
28389
28401
28447
28449
28450
28468
28477
28479
28484
28491
28494
28517
28517
28521
28539
28543
28550
28555
28560
28563
28565
28598
28602
28607
28628
28630
28637
28638
28643
28674
28676
28695
28700
28700
28703
28705
28715
28720
28724
28729
28731
28735
28752
28753
28761
28763
28765
28772
28773
28776
28801
28809
28843
28856
28857
28871
28898
28902
28915
28915
28935
28940
28950
28951
28967
28975
28977
28979
28982
28985
28986
28989
28998
29004
29015
29034
29034
29039
29041
29042
29046
29058
29063
29067
29069
29073
29080
29084
29114
29120
29125
29128
29130
29138
29138
29144
29150
29150
29150
29152
29188
29196
29202
29202
29206
29209
29224
29225
29227
29227
29227
29229
29233
29234
29237
29247
29252
29273
29297
29299
29311
29314
29322
29331
29351
29364
29379
29381
29396
29400
29407
29430
29431
29440
29447
29449
29456
29477
29478
29478
29482
29493
29501
29502
29502
29506
29520
29524
29528
29533
29539
29543
29544
29548
29548
29557
29563
29574
29576
29580
29589
29590
29596
29598
29609
29615
29617
29625
29630
29640
29642
29663
29667
29671
29675
29677
29684
29685
29696
29701
29718
29721
29723
29726
29749
29762
29767
29779
29787
29800
29803
29812
29814
29824
29831
29834
29842
29847
29849
29859
29874
29909
29915
29916
29925
29930
29937
29937
29954
29960
29972
29995
30004
30009
30024
30040
30044
30052
30054
30060
30067
30080
30096
30104
30112
30118
30131
30146
30153
30156
30161
30175
30178
30192
30203
30204
30210
30210
30212
30220
30221
30230
30234
30242
30247
30254
30264
30283
30283
30286
30290
30291
30296
30302
30303
30316
30318
30376
30383
30391
30393
30429
30439
30441
30442
30451
30467
30469
30470
30492
30510
30518
30520
30527
30531
30542
30547
30556
30570
30575
30577
30591
30600
30606
30613
30614
30636
30637
30641
30666
30679
30680
30695
30705
30712
30714
30722
30738
30744
30754
30767
30773
30782
30785
30791
30810
30830
30842
30854
30862
30865
30870
30872
30880
30896
30914
30928
30932
30939
30946
30955
30956
30965
30966
30969
30975
30991
30994
30996
31007
31013
31033
31049
31064
31064
31070
31072
31073
31076
31085
31096
31099
31125
31129
31144
31171
31172
31181
31185
31185
31199
31218
31218
31224
31233
31257
31265
31273
31286
31303
31316
31324
31332
31338
31341
31364
31365
31365
31369
31372
31377
31379
31382
31385
31388
31412
31425
31428
31431
31461
31487
31502
31504
31512
31512
31513
31514
31538
31542
31542
31557
31569
31584
31584
31597
31615
31616
31619
31625
31628
31639
31650
31653
31656
31659
31677
31683
31687
31693
31695
31700
31714
31727
31731
31734
31744
31752
31758
31762
31776
31780
31783
31787
31790
31791
31795
31798
31803
31805
31808
31820
31821
31826
31835
31850
31855
31857
31862
31874
31897
31897
31910
31918
31922
31923
31928
31929
31932
31935
31960
31965
31971
31976
31982
31984
32041
32047
32049
32061
32067
32072
32105
32106
32114
32117
32131
32138
32143
32144
32151
32156
32169
32172
32185
32201
32209
32213
32223
32236
32241
32243
32250
32278
32280
32286
32291
32294
32295
32311
32313
32313
32314
32315
32319
32320
32326
32334
32344
32360
32369
32374
32382
32404
32414
32429
32445
32449
32456
32457
32467
32469
32479
32481
32487
32496
32496
32502
32507
32515
32526
32530
32532
32534
32540
32551
32551
32562
32571
32574
32582
32590
32594
32601
32601
32603
32611
32619
32622
32623
32623
32625
32637
32647
32661
32664
32669
32672
32675
32679
32682
32696
32698
32717
32726
32730
32732
32743
32746
32750
32763
